tempList
13.501
15.107
16.620001
18.066999
19.576
21.256001
23.165001
25.018999
27.084999
28.745001
30.66
32.612
35.653999
37.679001
40.145
42.185001
44.219002
46.265999
48.303001
50.176998
53.030998
56.198002
59.292
62.370998
65.448997
68.507004
71.577003
74.639
77.700996
80.013
83.025002
86.100998
89.157997
92.212997
95.267998
98.334999
101.39
104.45
107.51
110.03
113.03
116.1
119.15
122.21
125.27
128.33
131.39
134.45
137.5
140.02
143.03
146.09
149.14999
152.21001
155.27
158.33
161.39
164.45
167.50999
170.02
173.03
176.09
179.14999
182.21001
185.27
188.33
191.39
194.45
197.50999
200.00999
203.03
206.09
209.14999
212.2
215.27
218.32001
221.39
224.45
227.50999
230.02
233.03
236.09
239.14999
242.21001
245.27
248.33
251.39
254.45
257.51001
260.01001
263.04001
266.09
269.14999
272.20999
275.26999
278.32999
281.39001
284.45001
287.51001
290.01001
